# Beat times in seconds (vocal segments only, before gap-filling)
22.356000
23.156000
23.976000
24.776000
25.596000
26.396000
27.176000
27.956000
28.756000
29.556000
30.396000
31.156000
31.956000
32.776000
33.596000
34.376000
35.196000
35.996000
36.776000
37.576000
38.356000
39.176000
39.996000
40.796000
41.556000
42.356000
43.156000
43.976000
44.776000
45.596000
46.396000
47.156000
47.976000
48.776000
49.576000
50.356000
51.176000
51.996000
52.796000
53.556000
54.376000
55.156000
55.996000
56.756000
57.556000
58.356000
59.196000
59.976000
60.756000
61.576000
62.396000
63.156000
63.956000
64.796000
65.576000
66.356000
67.176000
67.976000
68.776000
69.516000
70.316000
71.056000
71.836000
72.576000
73.356000
74.116000
74.856000
75.596000
76.416000
77.176000
77.976000
78.796000
79.556000
80.396000
81.176000
81.976000
82.776000
83.576000
84.396000
85.176000
85.996000
86.796000
87.576000
88.396000
89.196000
89.976000
90.756000
91.596000
92.356000
93.176000
93.976000
94.756000
95.576000
96.396000
97.176000
97.996000
98.776000
99.556000
100.396000
124.776000
125.576000
126.376000
127.156000
127.956000
128.796000
129.596000
130.356000
131.176000
131.956000
132.796000
133.556000
134.356000
135.156000
135.996000
136.776000
137.556000
138.376000
139.196000
139.956000
140.776000
141.576000
142.376000
143.156000
143.976000
144.776000
145.576000
146.316000
147.116000
147.856000
148.636000
149.376000
150.116000
150.916000
151.656000
152.396000
153.216000
153.976000
154.776000
155.596000
156.356000
157.196000
157.976000
158.776000
159.576000
160.376000
161.196000
161.976000
162.756000
163.596000
164.376000
165.196000
165.996000
166.796000
167.596000
168.396000
169.156000
169.976000
170.756000
171.556000
172.376000
173.196000
173.976000
174.796000
175.576000
176.356000
177.196000
181.588000
182.388000
183.188000
183.968000
184.808000
185.588000
186.408000
187.168000
188.008000
188.788000
189.568000
190.368000
191.208000
191.988000
192.768000
193.588000
194.368000
195.208000
196.008000
196.788000
197.568000
198.408000
199.208000
199.988000
200.808000
201.568000
202.388000
203.208000
203.988000
204.788000
205.588000
206.368000
