# Beat times in seconds
0.660000
1.700000
2.740000
3.780000
4.820000
5.860000
6.900000
7.940000
8.980000
10.020000
11.060000
12.100000
13.140000
14.180000
15.220000
16.260000
17.300000
18.340000
19.380000
20.420000
21.460000
22.500000
23.560000
24.620000
25.660000
26.680000
27.680000
28.780000
29.780000
30.820000
31.860000
32.840000
33.880000
34.920000
35.940000
37.020000
38.060000
39.060000
40.160000
41.180000
42.180000
43.220000
44.240000
45.240000
46.300000
47.300000
48.340000
49.420000
50.420000
51.420000
52.420000
53.420000
54.420000
55.420000
56.420000
57.420000
58.420000
59.060000
60.040000
61.000000
61.980000
62.940000
63.920000
64.920000
65.860000
66.820000
67.800000
68.800000
69.780000
70.720000
71.680000
72.620000
73.620000
74.540000
75.500000
76.460000
77.420000
78.420000
79.420000
80.400000
81.420000
82.460000
83.460000
84.440000
85.360000
86.420000
87.380000
88.385000
89.390000
90.395000
91.400000
92.405000
93.410000
94.415000
95.420000
96.425000
97.430000
98.435000
99.440000
100.445000
101.450000
102.455000
103.460000
104.465000
105.470000
106.475000
107.480000
108.485000
109.490000
110.495000
111.500000
112.505000
113.510000
114.515000
115.520000
116.525000
117.228000
118.268000
119.288000
120.308000
121.348000
122.348000
123.368000
124.428000
125.448000
126.468000
127.488000
128.568000
129.648000
130.668000
131.748000
132.708000
133.768000
134.788000
135.828000
136.848000
137.848000
138.868000
139.968000
140.988000
142.008000
143.048000
144.108000
145.168000
146.188000
147.288000
148.348000
149.428000
150.488000
151.568000
152.628000
153.668000
154.713000
155.758000
157.012000
158.052000
159.092000
160.152000
161.172000
162.212000
163.252000
164.292000
165.332000
165.668000
166.548000
167.428000
168.308000
169.168000
170.105500
171.043000
171.980500
172.918000
173.855500
174.792000
175.972000
177.172000
178.139500
179.107000
180.074500
181.042000
182.009500
182.977000
183.944500
184.912000
185.879500
186.847000
187.814500
188.117000
188.782000
189.112000
189.749500
190.140000
191.180000
192.160000
193.100000
194.040000
195.027500
196.015000
197.002500
197.990000
198.977500
199.965000
200.952500
201.940000
202.927500
203.915000
204.902500
205.890000
206.877500
207.865000
208.852500
209.840000
210.827500
211.815000
212.802500
213.790000
214.777500
215.765000
216.752500
217.740000
218.727500
219.715000
220.702500
221.690000
222.677500
223.665000
224.652500
225.640000
226.627500
227.615000
228.602500
229.590000
230.577500
231.565000
232.552500
233.540000
234.527500
235.515000
236.502500
237.490000
238.477500
239.465000
240.452500
241.440000
242.427500
243.415000
244.402500
245.390000
246.377500
247.365000
248.352500
249.340000
250.327500
251.315000
252.302500
253.290000
254.277500
