# Beat times in seconds (vocal segments only, before gap-filling)
21.460000
22.500000
23.560000
24.620000
25.660000
26.680000
27.680000
28.780000
29.780000
30.820000
31.860000
32.840000
33.880000
34.920000
35.940000
37.020000
38.060000
39.060000
40.160000
41.180000
42.180000
43.220000
44.240000
45.240000
46.300000
47.300000
48.340000
49.420000
59.060000
60.040000
61.000000
61.980000
62.940000
63.920000
64.920000
65.860000
66.820000
67.800000
68.800000
69.780000
70.720000
71.680000
72.620000
73.620000
74.540000
75.500000
76.460000
77.420000
78.420000
79.420000
80.400000
81.420000
82.460000
83.460000
84.440000
85.360000
86.420000
87.380000
117.228000
118.268000
119.288000
120.308000
121.348000
122.348000
123.368000
124.428000
125.448000
126.468000
127.488000
128.568000
129.648000
130.668000
131.748000
132.708000
133.768000
134.788000
135.828000
136.848000
137.848000
138.868000
139.968000
140.988000
142.008000
143.048000
144.108000
145.168000
146.188000
147.288000
148.348000
149.428000
150.488000
151.568000
152.628000
153.668000
157.012000
158.052000
159.092000
160.152000
161.172000
165.668000
166.548000
167.428000
168.308000
169.168000
174.792000
175.972000
177.172000
190.140000
191.180000
192.160000
193.100000
194.040000
