# Beat times in seconds (vocal segments only, before gap-filling)
20.904000
21.864000
22.824000
23.764000
24.764000
25.684000
26.664000
27.604000
28.604000
29.544000
30.504000
31.464000
32.444000
33.404000
34.364000
35.324000
36.244000
37.244000
38.204000
39.164000
40.124000
41.064000
42.044000
42.964000
43.964000
44.924000
45.844000
46.844000
47.784000
48.724000
49.724000
50.644000
51.644000
52.584000
53.564000
54.504000
55.444000
56.424000
57.384000
58.344000
59.324000
60.264000
61.204000
62.164000
63.124000
64.084000
65.064000
66.044000
66.984000
67.924000
68.904000
69.864000
70.844000
71.764000
72.764000
73.704000
74.664000
75.624000
76.584000
77.524000
78.504000
79.484000
80.424000
81.384000
82.344000
83.284000
84.284000
85.244000
86.164000
87.124000
88.104000
89.044000
90.004000
91.004000
91.964000
92.904000
93.864000
94.824000
95.784000
96.744000
97.684000
98.684000
99.624000
100.564000
101.524000
102.524000
103.484000
104.444000
105.364000
106.324000
107.304000
108.264000
109.224000
110.164000
111.184000
112.164000
113.084000
153.408000
154.328000
155.288000
156.208000
157.188000
158.148000
159.128000
160.068000
161.048000
162.008000
162.968000
163.888000
164.908000
165.828000
166.808000
167.808000
168.768000
169.708000
170.648000
171.608000
172.568000
173.548000
174.488000
175.448000
176.428000
177.408000
178.348000
179.288000
180.288000
181.208000
182.168000
183.128000
184.128000
185.048000
186.028000
186.988000
187.968000
188.948000
189.908000
190.848000
191.808000
192.768000
193.728000
194.688000
195.668000
196.608000
197.628000
198.628000
