# Beat times in seconds
0.404000
1.324000
2.224000
3.164000
4.084000
5.004000
5.884000
6.824000
7.704000
8.624000
9.544000
10.484000
11.424000
12.364000
13.284000
14.244000
15.124000
16.084000
16.964000
17.884000
18.824000
19.744000
20.624000
21.544000
22.444000
23.384000
24.324000
25.264000
26.184000
27.124000
28.064000
29.004000
29.904000
30.844000
31.784000
32.704000
33.584000
34.504000
35.424000
36.384000
37.304000
38.204000
39.104000
40.024000
40.964000
41.904000
42.844000
43.804000
44.704000
45.664000
46.624000
47.564000
48.504000
49.444000
50.384000
51.324000
52.264000
53.204000
54.144000
55.084000
56.024000
56.964000
57.904000
58.844000
59.784000
