# Beat times in seconds
0.732000
1.502000
2.272000
3.092000
3.852000
4.652000
5.432000
6.212000
6.972000
7.732000
8.492000
9.312000
10.052000
10.872000
11.612000
12.452000
13.212000
14.052000
14.812000
15.592000
16.372000
17.172000
17.932000
18.712000
19.512000
20.312000
21.132000
21.932000
22.732000
23.532000
24.272000
25.092000
25.872000
26.612000
27.452000
28.212000
29.032000
29.852000
30.612000
31.452000
32.212000
32.992000
33.772000
34.532000
35.352000
36.092000
36.912000
37.652000
38.492000
39.252000
40.072000
40.872000
41.652000
42.492000
43.232000
44.012000
44.812000
45.572000
46.392000
47.152000
47.972000
48.752000
49.592000
50.332000
51.112000
51.912000
52.692000
53.472000
54.272000
55.072000
55.892000
56.652000
57.412000
58.212000
59.012000
59.792000
60.532000
61.312000
62.152000
62.912000
63.712000
64.552000
65.352000
66.092000
66.892000
67.692000
68.472000
69.232000
70.012000
70.812000
71.612000
72.392000
73.192000
74.012000
74.812000
75.552000
76.352000
77.132000
77.972000
78.772000
79.532000
80.372000
81.172000
81.952000
82.732000
83.532000
84.292000
85.072000
85.892000
86.652000
87.412000
88.212000
88.992000
89.792000
90.612000
91.392000
92.172000
92.992000
93.772000
94.592000
95.332000
96.152000
96.892000
97.672000
98.492000
99.232000
100.032000
100.792000
101.612000
102.412000
103.232000
104.032000
104.832000
105.612000
106.432000
107.192000
107.952000
108.752000
109.552000
110.312000
111.092000
111.872000
112.692000
113.472000
114.252000
115.092000
115.832000
116.652000
117.412000
118.212000
118.972000
119.792000
120.572000
121.352000
122.172000
122.952000
123.732000
124.472000
125.252000
126.052000
126.852000
127.672000
128.472000
129.272000
130.092000
130.852000
131.652000
132.372000
133.152000
133.912000
134.732000
135.552000
136.412000
137.212000
138.072000
138.912000
139.752000
140.652000
141.512000
142.352000
143.192000
144.092000
144.892000
145.772000
146.592000
147.392000
148.192000
149.012000
149.812000
150.592000
151.412000
152.212000
153.012000
153.792000
154.532000
155.352000
156.152000
156.952000
157.752000
158.492000
159.312000
160.052000
160.872000
161.632000
162.412000
163.192000
164.012000
164.792000
165.592000
166.412000
167.192000
167.932000
168.732000
169.512000
170.292000
171.052000
171.852000
172.652000
173.472000
174.232000
175.072000
175.852000
176.632000
177.432000
178.232000
179.052000
179.832000
180.612000
181.412000
182.192000
182.952000
183.732000
184.532000
185.312000
186.112000
186.912000
187.692000
188.472000
189.272000
190.032000
190.852000
191.632000
192.392000
193.172000
193.972000
194.732000
195.572000
196.332000
197.152000
197.932000
198.692000
199.492000
200.272000
