# Beat times in seconds
0.020000
0.900000
1.800000
2.640000
3.460000
4.260000
5.060000
5.880000
6.700000
7.560000
8.340000
9.140000
9.980000
10.760000
11.580000
12.360000
13.120000
13.920000
14.720000
15.540000
16.380000
17.160000
17.980000
18.860000
19.680000
20.480000
21.240000
22.020000
22.800000
23.580000
24.400000
25.140000
25.960000
26.740000
27.520000
28.280000
29.080000
29.860000
30.640000
31.420000
32.200000
32.920000
33.680000
34.480000
35.300000
36.160000
36.940000
37.800000
38.600000
39.440000
40.240000
41.020000
41.840000
42.580000
43.400000
44.140000
44.920000
45.700000
46.500000
47.300000
48.080000
48.820000
49.560000
50.340000
51.120000
51.880000
52.640000
53.380000
54.120000
54.900000
55.660000
56.400000
57.200000
57.920000
58.700000
59.460000
60.200000
60.980000
61.740000
62.500000
63.300000
64.120000
64.920000
65.660000
66.460000
67.180000
67.940000
68.700000
69.500000
70.260000
71.020000
71.760000
72.500000
73.260000
74.080000
74.840000
75.600000
76.360000
